4.19
3.05
2.07
1.23
0.50
-0.12
-0.74
-13.49
-11.57
-23.70
-33.36
-27.18
-35.74
-28.65
-22.68
-31.45
-24.55
-18.78
-13.96
-9.94
-6.97
-4.47
-2.36
-0.59
0.89
1.96
2.86
3.63
14.94
13.71
24.85
21.73
19.01
16.64
14.57
12.76
11.18
9.80
8.76
7.83
7.00
16.94
14.35
12.10
10.16
8.49
7.24
6.14
5.17
4.32
3.58
2.93
-8.31
-7.05
-18.21
-14.75
-25.62
-20.47
-16.14
-12.50
-9.46
-7.21
-5.29
8.60
7.95
7.37
6.84
6.35
5.91
5.51
15.81
25.84
21.79
18.29
15.28
12.68
10.43
8.51
7.08
5.82
4.72
3.76
2.93
2.20
1.57
-9.65
-8.35
-7.23
-6.25
-5.40
-16.92
-13.80
-11.17
-8.95
-19.53
-15.55
-12.19
4.39
4.12
3.87
3.64
3.44
3.24
3.06
2.89
2.74
-8.06
-6.39
-4.95
8.51
7.58
6.75
16.69
14.09
11.85
9.91
8.46
17.86
14.74
12.04
9.74
18.69
15.12
12.06
21.70
17.35
13.63
22.69
17.87
13.75
22.49
29.64
23.18
17.67
0.72
-0.90
-2.50
-3.81
-4.88
-5.74
-6.43
-19.20
-17.26
-29.34
-38.91
-32.62
-41.06
-33.83
-27.71
-36.32
-29.26
-23.30
-18.30
-14.12
-10.61
-7.69
-5.53
-3.71
-2.17
-0.87
0.22
1.00
1.67
2.23
2.71
3.10
3.42
14.34
12.74
11.34
10.10
9.02
8.19
7.44
6.78
6.18
5.64
5.15
15.39
13.10
-1.13
-0.73
-0.39
-0.10
0.14
0.31
0.46
0.58
-9.99
-8.05
-6.40
-17.23
-13.48
-10.34
-21.49
-16.59
-12.51
-9.10
-6.59
-4.45
-2.66
-1.14
0.13
11.72
10.78
9.94
9.28
8.68
8.13
7.62
7.15
17.41
15.12
13.12
11.38
9.87
8.72
7.71
6.81
6.01
5.30
4.67
4.12
3.63
3.19
2.80
2.46
2.15
1.88
1.64
-9.24
-7.61
-6.22
-5.02
-3.99
-3.12
-2.37
10.53
-3.29
-14.80
-11.69
-9.08
5.12
4.71
4.35
4.02
3.72
3.45
3.21
2.98
2.77
2.59
2.42
2.26
2.12
1.98
1.86
1.75
1.65
1.55
1.46
1.38
1.31
-9.44
-7.68
-6.17
-4.88
-3.77
-2.83
-2.03
-1.35
-0.77
-0.29
0.11
0.40
0.65
0.86
1.04
1.18
1.30
1.40
1.48
1.54
-9.09
-7.22
-5.62
-16.50
-12.80
-9.71
-7.42
-5.47
-16.06
-25.87
-19.86
-14.84
-10.65
-20.96
-1.61
0.11
1.35
2.41
13.98
13.00
12.12
11.31
22.81
20.01
17.58
15.44
13.58
11.95
22.77
19.41
16.49
13.97
11.79
9.91
8.50
7.25
6.16
5.20
4.36
3.62
2.97
2.41
1.91
-9.19
-7.79
-6.57
-5.52
-4.62
-16.09
-12.94
-10.29
-8.06
-18.66
-14.68
-11.34
-8.54
-6.47
-4.71
-3.22
-1.96
-0.90
-0.01
0.73
1.27
1.72
2.10
2.41
2.67
13.54
24.14
20.59
17.51
14.85
12.54
10.55
8.83
7.54
6.42
5.42
4.55
3.78
3.11
2.52
2.01
1.56
1.17
-9.83
-20.59
-16.74
-13.48
-10.75
-8.45
-18.98
-14.94
-11.55
-8.72
-6.62
-4.83
-3.32
-2.04
-0.97
-0.06
0.69
1.23
12.36
10.96
9.74
8.81
7.97
7.22
6.56
16.63
14.17
12.04
22.45
30.99
25.68
21.10
29.42
23.93
31.47
25.32
20.05
27.79
21.84
16.75
12.42
20.99
15.76
11.31
7.54
4.78
2.39
0.34
9.26
6.17
3.51
-9.46
-9.88
-10.17
-10.38
-24.23
-21.53
-19.17
-17.12
-15.33
-13.76
-26.16
-22.25
-18.92
-16.08
-13.65
-11.58
-9.82
3.76
2.93
2.21
1.57
1.03
0.56
0.15
-0.19
-0.53
11.42
9.08
7.34
5.82
4.49
3.34
2.34
1.48
0.74
0.10
-0.45
-0.98
-1.42
10.48
8.08
6.29
-5.93
-5.64
-17.61
-14.93
-12.64
-10.70
-9.04
-20.03
-16.42
0.42
0.32
-10.43
-8.45
-19.23
-15.41
-12.19
-9.49
-7.48
-5.77
-4.31
-3.07
-2.03
11.12
9.75
8.71
7.78
6.95
6.22
5.56
4.98
4.46
4.00
3.58
3.21
2.88
2.59
2.33
2.10
1.89
1.70
1.53
1.38
1.25
1.13
1.02
0.93
0.84
0.76
0.70
0.63
0.58
0.53
0.48
0.44
0.40
0.37
0.34
0.31
0.29
0.27
-10.42
-22.14
-17.72
-14.00
2.88
2.82
2.75
2.69
2.62
2.54
13.14
11.22
9.56
8.31
7.21
6.23
5.37
4.61
3.95
3.36
2.84
2.39
1.99
1.64
1.34
1.07
0.84
0.64
0.46
0.31
0.18
0.06
-0.03
-0.13
-0.21
-0.27
-0.32
-0.37
-0.40
-0.42
-0.44
-0.46
-0.46
-0.47
-12.74
-10.35
-8.32
-6.81
-5.52
-16.65
-13.19
-10.29
-7.85
-6.05
-4.51
-3.21
-2.10
-1.17
-0.38
12.51
10.93
9.56
8.53
7.60
6.78
6.05
5.40
4.82
4.30
3.84
3.43
3.07
2.74
2.45
12.85
10.75
8.95
-3.08
-2.61
-2.21
-1.86
-1.56
-1.30
11.19
9.26
18.49
15.20
12.36
9.94
8.13
6.56
5.18
3.98
2.94
2.04
-9.41
-8.35
-7.42
-6.60
-5.88
-5.25
-4.69
-4.20
8.48
6.98
5.66
4.51
3.50
2.63
12.53
9.95
18.71
14.94
11.71
8.96
6.92
5.15
14.29
10.93
8.07
5.95
4.12
2.54
1.17
10.65
7.67
5.47
14.25
10.52
7.36
5.03
3.02
1.29
-0.20
-1.66
-2.86
-3.85
-16.90
-15.22
-13.75
-12.46
-11.32
-10.31
-9.41
-8.71
-8.07
4.75
3.37
2.17
1.13
0.24
-0.52
-1.27
-1.88
-2.38
9.46
7.35
5.50
14.57
11.15
8.23
6.08
4.21
2.60
1.21
10.68
-4.59
-5.02
-5.35
-5.59
-5.76
-5.87
-5.92
-5.94
-5.92
-5.86
-5.79
-5.69
6.69
15.63
12.06
9.02
6.78
4.83
3.14
1.69
0.44
-0.63
-1.68
-2.54
-3.24
-3.81
-4.26
-4.62
-4.88
-17.34
-15.09
-13.15
-11.49
-10.05
-8.81
-7.86
-7.03
-6.29
6.61
5.26
4.09
13.74
10.89
8.45
6.65
5.07
3.71
2.52
1.50
0.62
10.54
7.97
6.06
4.41
2.97
-8.94
-8.33
-7.77
4.98
3.55
2.30
1.23
10.98
-4.03
-4.24
-4.39
-16.73
-14.40
-12.41
-10.70
-9.24
4.13
3.13
2.26
1.52
11.55
9.08
7.24
5.63
4.24
3.03
-8.70
-7.90
-7.19
-6.55
-5.99
-5.48
-5.03
-4.63
-16.50
-13.74
-11.40
-9.41
4.32
14.27
11.70
9.49
7.85
17.08
13.80
10.99
8.58
6.80
-5.42
-5.14
-4.88
-4.63
-4.39
-4.17
-3.97
-16.01
-13.41
-24.98
-20.40
-16.54
-13.29
-24.33
-19.32
-15.13
-11.61
-22.44
-17.29
-12.98
4.38
4.60
4.77
4.90
4.99
5.04
5.07
5.07
5.04
5.01
4.95
4.88
4.80
4.71
4.61
4.51
4.40
4.29
4.18
4.07
3.95
3.84
3.73
3.61
3.50
3.39
3.28
3.17
3.07
2.96
2.86
2.76
2.67
2.57
2.48
2.39
2.31
2.22
2.14
2.07
-8.69
-6.94
-5.44
-4.16
-3.07
-2.14
-1.36
-0.70
-12.40
-9.49
-7.33
-5.50
-3.93
9.64
8.77
7.99
17.96
27.66
35.56
29.68
24.63
20.27
28.78
23.45
18.88
14.96
11.62
8.77
6.66
4.83
3.25
1.88
0.70
-0.31
-1.30
-2.12
-2.79
-3.33
-3.76
-4.10
-4.36
-4.55
-4.68
-4.76
-4.80
-4.81
-4.79
-4.74
-16.94
-28.22
-23.39
-33.07
-26.92
-21.73
-17.36
-13.68
-10.59
-8.01
-6.10
-4.48
-3.09
-1.93
-0.94
12.14
10.71
21.71
30.74
38.08
43.98
36.39
29.86
24.25
19.45
15.32
11.81
8.81
6.60
15.36
23.86
18.56
14.03
10.18
6.92
4.52
2.45
0.68
-0.85
-14.59
-13.58
-26.44
-22.90
-19.86
-17.24
-14.99
-13.05
-11.39
-9.95
-8.86
-7.89
-7.04
-6.30
6.60
5.26
4.10
3.09
2.21
1.45
0.79
0.22
-0.26
11.52
9.01
7.15
5.53
4.12
2.90
1.84
0.93
0.15
-0.52
-1.18
-1.71
-2.15
-2.51
-15.04
-12.89
-11.05
-9.48
-8.28
-7.25
-6.34
-5.54
-4.85
-4.25
-3.72
-3.26
-2.86
-14.76
-12.02
-9.71
-7.99
-6.51
-5.24
-4.15
-3.22
-2.42
-1.75
-1.17
-0.69